256
1 44475 64bt0%
1 429357 Z8^oK
1 316075 UMTEp
1 826874 KyECr*iqco
1 214582 %Q8aU89X
1 183684 M8DqFSD
1 988942 T2d&=W*r
1 577352 npoOn
1 166357 7WG5!Q
1 489988 !*%7Tp
1 384754 /tBw$R
2 214582 478131 dy/CUi 46
2 316075 811630 ZTGZ* 25
3 316075 811630
4 489988 605414 kc!dRwZ 2
7 183684 950657 K^QSQ6 2
2 489988 649161 ZTGZ* 34
11 183684 950657
1 768669 y5h?&
2 429357 63243 dy/CUi 21
4 768669 250152 Ws7k&C!h^U 2
10 489988 649161
9 489988 605414
6 489988 605414
1 975207 $E99E
5 768669 250152
10 429357 63243
2 988942 41564 dy/CUi 90
1 789762 g&$u?!n
7 316075 563307 siLUyX20 1
2 768669 393456 ZTGZ* 75
10 768669 393456
7 768669 296424 70WG%Vw23 1
4 789762 773035 Ws7k&C!h^U 1
13 316075 siLUyX20
2 214582 176540 dy/CUi 44
1 689483 $EN%71zu
13 768669 70WG%Vw23
2 975207 648883 dy/CUi 52
2 826874 123764 dy/CUi 48
3 429357 63243
9 489988 605414
1 949204 YoBGat^G*
5 489988 605414
1 717566 H9kgXrXVD
2 44475 703497 dy/CUi 93
4 789762 981240 kc!dRwZ 1
8 183684 950657
10 988942 41564
2 489988 876932 RWipGistYc 43
3 988942 41564
7 44475 449729 lG$T142 3
4 183684 367206 &Ya^! 0
10 768669 393456
8 768669 296424
10 975207 648883
12 768669 ZTGZ*
10 44475 703497
4 44475 455556 &Ya^! 4
1 628388 kPe6Bi=?
2 214582 654956 RWipGistYc 28
7 166357 188229 /5mCeA652 4
10 489988 649161
10 214582 654956
7 214582 947694 yyB3mv6LW/55 4
10 975207 648883
4 214582 537844 Ws7k&C!h^U 1
2 577352 122725 ZTGZ* 53
2 789762 187805 RWipGistYc 11
4 577352 523557 &Ya^! 4
9 214582 537844
10 826874 123764
1 469466 TOMd1DihB
2 628388 909649 RWipGistYc 47
6 789762 773035
9 44475 455556
12 975207 dy/CUi
10 826874 123764
10 214582 176540
4 469466 466469 Ws7k&C!h^U 5
2 577352 959644 ZTGZ* 66
12 975207 dy/CUi
4 469466 97644 Ws7k&C!h^U 3
2 183684 894651 RWipGistYc 86
6 44475 455556
2 975207 176449 dy/CUi 18
13 44475 lG$T142
9 44475 455556
4 316075 173072 Ws7k&C!h^U 5
2 577352 208861 ZTGZ* 71
6 214582 537844
10 789762 187805
2 988942 670992 ZTGZ* 15
7 577352 968408 55B4O84 1
10 577352 208861
4 44475 659599 kc!dRwZ 3
7 789762 831599 %+yTc887 5
10 988942 670992
2 949204 58558 ZTGZ* 97
9 316075 173072
4 975207 228060 Ws7k&C!h^U 2
13 214582 yyB3mv6LW/55
11 166357 188229
10 826874 123764
10 949204 58558
4 577352 590845 &Ya^! 1
6 577352 523557
4 949204 244044 &Ya^! 3
5 949204 244044
9 214582 537844
4 975207 69888 &Ya^! 4
12 183684 RWipGistYc
4 826874 942956 &Ya^! 0
10 628388 909649
2 689483 522537 RWipGistYc 22
9 789762 981240
7 429357 18691 I*qSEc9MUU107 3
12 949204 ZTGZ*
9 183684 367206
13 429357 I*qSEc9MUU107
10 768669 393456
10 768669 393456
2 826874 905486 ZTGZ* 97
7 789762 170319 bGz+1+bYk114 4
9 44475 659599
9 214582 537844
9 469466 97644
12 689483 RWipGistYc
4 166357 374247 kc!dRwZ 4
10 826874 905486
10 975207 176449
4 577352 755021 &Ya^! 3
9 214582 537844
10 689483 522537
15 2090/06
15 2071/11
10 689483 522537
15 2059/12
17 44475
12 789762 RWipGistYc
10 489988 876932
2 949204 796946 ZTGZ* 81
14 4 10 !*%7Tp Z8^oK y5h?& YoBGat^G*
2000/02-y5h?&-ZTGZ*
2000/02-Z8^oK-dy/CUi
2000/02-y5h?&@#-8LuYD6
2000/02-y5h?&-ZTGZ*
2000/02-y5h?&-ZTGZ*
2000/02-y5h?&-ZTGZ*
2000/03-Z8^oK@#-d?FBtTyk
2000/04-Z8^oK@#-IxH=PS
2000/04-YoBGat^G*@#-7aOFEo^2C
2000/04-Z8^oK-dy/CUi
2 44475 292208 ZTGZ* 52
6 214582 537844
2 975207 41668 RWipGistYc 70
5 214582 537844
10 628388 909649
5 577352 590845
4 469466 666650 kc!dRwZ 5
7 988942 657855 yHFi&3A141 2
6 975207 228060
16 577352
3 826874 905486
13 44475 lG$T142
17 689483
2 183684 134731 RWipGistYc 10
17 689483
12 44475 dy/CUi
2 717566 788559 RWipGistYc 40
9 826874 942956
6 469466 97644
17 577352
10 689483 522537
2 768669 642436 dy/CUi 48
3 949204 58558
9 789762 981240
7 577352 192499 8gZGgHohXB158 3
8 577352 968408
10 988942 670992
8 789762 170319
12 183684 RWipGistYc
17 384754
3 44475 292208
14 3 4 kPe6Bi=? !*%7Tp T2d&=W*r
2000/04-kPe6Bi=?@!*%7Tp-*mi%S
2000/05-kPe6Bi=?@#-?9q=Ef0
2000/06-kPe6Bi=?-RWipGistYc
2000/07-UMTEp@!*%7Tp-HqkW3LT+$4
12 768669 dy/CUi
16 166357
7 577352 702346 UqHt*=168 1
10 949204 796946
17 689483
5 469466 666650
9 826874 942956
15 2000/04
9 166357 374247
9 469466 466469
12 789762 RWipGistYc
17 166357
9 789762 773035
4 789762 374389 kc!dRwZ 2
2 949204 24870 ZTGZ* 30
17 44475
15 2000/04
16 628388
3 826874 123764
4 768669 466196 &Ya^! 2
10 489988 876932
10 183684 134731
15 2052/12
14 2 10 T2d&=W*r Z8^oK
2000/08-T2d&=W*r@Z8^oK-&KRUBIN8v3
2000/09-T2d&=W*r@#-h+Kcb*
2000/09-Z8^oK@#-*4euMoHk1
2000/10-T2d&=W*r-dy/CUi
2000/11-Z8^oK-dy/CUi
2000/11-T2d&=W*r-dy/CUi
2000/12-Z8^oK@#-g7y%dpH
2001/01-T2d&=W*r@Z8^oK-1OchE
2001/02-T2d&=W*r@Z8^oK-a8dC5f3
2001/02-T2d&=W*r-dy/CUi
7 316075 126173 SDOozBnze190 5
2 975207 908274 RWipGistYc 24
7 789762 898316 3sm5$%m192 3
10 768669 642436
2 489988 207560 dy/CUi 66
17 577352
2 949204 274996 dy/CUi 64
2 975207 320972 ZTGZ* 16
8 789762 831599
7 717566 237650 2Z8g$ya199 4
10 717566 788559
15 2001/01
4 949204 947432 &Ya^! 5
6 975207 228060
16 789762
2 429357 22811 dy/CUi 85
7 988942 940852 28Q&4n$=206 4
10 689483 522537
4 166357 335396 kc!dRwZ 1
9 44475 455556
9 826874 942956
10 717566 788559
3 975207 176449
12 183684 RWipGistYc
16 183684
10 489988 207560
7 183684 59251 SGMo=7TX$&216 4
4 628388 185964 &Ya^! 3
12 214582 dy/CUi
10 577352 208861
2 768669 71107 dy/CUi 89
16 717566
2 689483 381603 ZTGZ* 17
3 717566 788559
9 768669 466196
7 214582 648013 InuF$3r6225 1
16 717566
2 577352 499711 RWipGistYc 78
16 768669
7 166357 670757 ntN5a229 2
7 183684 785353 Z75o/zU230 1
12 577352 ZTGZ*
2 949204 859094 dy/CUi 81
15 2001/02
2 166357 998377 dy/CUi 95
9 826874 942956
2 183684 977024 ZTGZ* 40
15 2000/02
10 949204 859094
8 44475 449729
17 768669
4 577352 978879 &Ya^! 2
9 316075 173072
7 429357 856323 Nd!GA$m243 3
9 949204 947432
4 316075 284928 &Ya^! 2
3 975207 908274
