1512
1 811215 5Dq/Shu4
1 917836 3h=*pg3
1 303702 2N^fTfvZQ
2 811215 247506 pivbSS 24 187873258 ReinforcedBottle 0.621
20 303702
1 80246 cDtbePkz2
2 303702 470084 pivbSS 14 159285578 RecoverBottle 0.281
10 811215 247506
19 303702
20 917836
4 917836 847638 Vxc!M 1 157556216 CritEquipment 72
18 303702 80246
21 811215 247506
19 811215
9 917836 847638
2 811215 8031 fFUw+c3g3H 28 201179289 RegularBottle
20 917836
18 811215 917836
2 80246 209093 pivbSS 22 151593761 RegularBottle
20 917836
10 80246 209093
7 917836 950768 Fbm$Wa6rlO19 3 141975128
18 811215 80246
12 303702 pivbSS
2 917836 891583 PCweSVKFL 56 194116224 RecoverBottle 0.457
20 917836
12 811215 pivbSS
4 303702 264317 LqGVDGR%t 4 134338361 RegularEquipment
10 303702 470084
20 811215
20 303702
4 917836 153023 LqGVDGR%t 2 213264301 EpicEquipment 0.748
20 80246
10 303702 470084
4 80246 594107 LqGVDGR%t 1 115735156 EpicEquipment 0.526
9 303702 264317
12 80246 pivbSS
20 917836
12 917836 PCweSVKFL
10 811215 247506
10 80246 209093
4 811215 564845 L532PWT 0 206267728 CritEquipment 100
18 811215 303702
18 917836 80246
4 811215 287387 Vxc!M 3 171439456 RegularEquipment
4 811215 75669 L532PWT 1 143042954 RegularEquipment
12 303702 pivbSS
3 811215 8031
19 811215
19 303702
11 917836 950768
19 80246
7 80246 452483 Eah/nL50 2 176071463
9 917836 847638
4 811215 866701 Vxc!M 5 137086640 EpicEquipment 0.670
10 80246 209093
2 80246 330072 fFUw+c3g3H 76 134755266 RecoverBottle 0.087
7 303702 563167 %X$P0S+55 2 168250938
5 917836 847638
18 303702 80246
13 80246 Eah/nL50
19 303702
5 303702 264317
4 80246 160825 Vxc!M 1 119613909 CritEquipment 69
20 303702
12 811215 pivbSS
20 917836
4 917836 386490 L532PWT 2 182545154 CritEquipment 78
8 80246 452483
2 303702 464196 pivbSS 62 172159956 RecoverBottle 0.749
12 80246 fFUw+c3g3H
5 811215 866701
12 917836 PCweSVKFL
9 917836 386490
4 80246 970380 Vxc!M 2 146398074 EpicEquipment 0.440
1 870782 2R?caV
9 811215 287387
12 303702 pivbSS
18 811215 917836
12 303702 pivbSS
10 303702 464196
2 870782 387216 fFUw+c3g3H 100 212465040 RecoverBottle 0.196
18 811215 917836
10 917836 891583
19 917836
5 80246 594107
8 917836 950768
18 917836 870782
4 917836 667572 L532PWT 3 202516217 CritEquipment 94
10 870782 387216
2 870782 841774 fFUw+c3g3H 62 121589786 RecoverBottle 0.264
2 80246 770050 fFUw+c3g3H 73 127392424 RecoverBottle 0.729
9 80246 160825
4 80246 312363 LqGVDGR%t 5 191590767 RegularEquipment
2 303702 23735 pivbSS 16 213610309 ReinforcedBottle 0.584
9 811215 287387
19 303702
4 917836 750873 Vxc!M 4 143780468 EpicEquipment 0.809
4 870782 207034 Vxc!M 3 124292197 RegularEquipment
10 303702 464196
20 917836
9 870782 207034
9 917836 667572
12 870782 fFUw+c3g3H
10 917836 891583
6 870782 207034
7 811215 754096 VmTNv+9104 4 198595969
20 917836
1 106121 qDmQWc%/&x
20 917836
19 106121
20 917836
10 870782 387216
6 917836 153023
13 303702 %X$P0S+55
20 106121
19 303702
3 80246 770050
20 106121
19 303702
2 811215 246191 PCweSVKFL 77 202268849 RecoverBottle 0.799
2 917836 117772 pivbSS 21 147575512 RegularBottle
18 303702 80246
21 811215 246191
19 80246
10 811215 246191
1 781921 Pk1Vd?
7 80246 524624 $SbcrVCQ?125 2 166757969
11 811215 754096
9 917836 153023
10 80246 330072
3 80246 330072
2 917836 595457 pivbSS 42 136952263 ReinforcedBottle 0.585
5 917836 667572
5 870782 207034
2 80246 982793 pivbSS 68 184334320 ReinforcedBottle 0.025
20 781921
18 811215 917836
19 811215
1 486871 s037=1dq4
5 811215 75669
19 80246
18 917836 303702
4 486871 918445 LqGVDGR%t 3 141155974 EpicEquipment 0.511
21 80246 209093
4 811215 988882 L532PWT 2 202088285 EpicEquipment 0.716
20 811215
1 401121 R*6Ds8?Uy
1 823195 Rakgn*BzZ
4 401121 844739 Vxc!M 4 163094298 CritEquipment 56
1 984350 t5mP+u
2 106121 603671 fFUw+c3g3H 36 181082127 RecoverBottle 0.490
20 401121
19 486871
19 984350
4 781921 712520 L532PWT 5 140628951 CritEquipment 51
2 984350 785485 fFUw+c3g3H 34 120260058 RecoverBottle 0.933
8 811215 754096
18 823195 781921
19 870782
1 61545 WFImoSc
7 401121 197920 aDruxpa159 5 171530309
20 984350
13 401121 aDruxpa159
18 486871 80246
2 80246 625074 PCweSVKFL 29 208082857 RegularBottle
7 303702 311571 !SpFzs3R0k164 1 127239698
4 870782 48706 Vxc!M 1 182361027 RegularEquipment
20 781921
10 303702 464196
4 303702 947833 LqGVDGR%t 1 198952193 EpicEquipment 0.317
4 870782 803573 LqGVDGR%t 2 213376945 EpicEquipment 0.119
3 870782 841774
19 781921
3 106121 603671
5 781921 712520
1 176457 CiVCDl
7 401121 368459 cg%Zx175 4 152864793
21 917836 386490
18 401121 176457
20 781921
9 486871 918445
2 823195 309487 PCweSVKFL 37 201851855 ReinforcedBottle 0.630
20 870782
2 781921 897420 pivbSS 23 169764703 RecoverBottle 0.717
12 917836 pivbSS
3 303702 23735
19 781921
20 176457
4 486871 741743 LqGVDGR%t 4 191187195 EpicEquipment 0.470
18 870782 106121
19 80246
12 823195 PCweSVKFL
10 870782 387216
20 61545
9 870782 48706
7 823195 371173 ?ofZR6v8194 3 201169190
2 80246 388770 pivbSS 54 127724140 RecoverBottle 0.581
21 870782 106121
4 80246 265867 LqGVDGR%t 4 165187160 CritEquipment 100
7 870782 305976 ztXpYG605198 2 189630666
4 486871 25975 LqGVDGR%t 2 190253314 CritEquipment 86
4 811215 852990 L532PWT 1 148681557 EpicEquipment 0.174
2 781921 368469 pivbSS 22 193112668 RecoverBottle 0.305
4 401121 218225 Vxc!M 3 151770818 EpicEquipment 0.481
11 823195 371173
7 870782 65894 7EVmF+EA204 3 210233188
2 106121 468446 PCweSVKFL 69 200804766 ReinforcedBottle 0.872
11 303702 311571
20 811215
6 917836 386490
3 823195 309487
18 486871 870782
20 917836
3 917836 595457
11 80246 524624
19 80246
2 61545 655359 fFUw+c3g3H 46 192585597 RegularBottle
3 917836 891583
2 176457 214994 fFUw+c3g3H 56 153956547 RecoverBottle 0.773
10 80246 388770
4 61545 894491 LqGVDGR%t 4 155452727 RegularEquipment
10 106121 468446
19 80246
20 176457
19 823195
12 80246 pivbSS
2 917836 590037 PCweSVKFL 20 191874500 RecoverBottle 0.456
4 486871 693788 L532PWT 3 124069136 EpicEquipment 0.604
19 486871
2 870782 486851 fFUw+c3g3H 97 202287473 RecoverBottle 0.298
19 823195
18 176457 486871
4 303702 707944 Vxc!M 4 201344595 RegularEquipment
7 401121 801713 6249fa232 3 138755740
12 811215 PCweSVKFL
20 984350
20 80246
2 61545 228835 fFUw+c3g3H 30 159238389 RecoverBottle 0.182
19 870782
11 303702 311571
18 984350 781921
2 823195 268318 fFUw+c3g3H 47 135398373 RegularBottle
10 303702 464196
9 917836 386490
12 176457 fFUw+c3g3H
3 303702 464196
10 80246 625074
12 781921 pivbSS
4 303702 96871 L532PWT 0 210352293 EpicEquipment 0.907
20 781921
2 823195 463553 PCweSVKFL 67 151511968 RecoverBottle 0.346
7 811215 61930 +=LXyHq250 3 154123019
2 80246 106399 PCweSVKFL 63 168187520 RecoverBottle 0.120
18 303702 781921
21 823195 781921
19 401121
13 401121 6249fa232
19 80246
10 106121 468446
19 401121
13 303702 %X$P0S+55
2 811215 904313 PCweSVKFL 46 157453013 RegularBottle
7 303702 100863 a4f!MMmb2261 4 202792645
10 80246 982793
11 870782 65894
10 781921 368469
4 176457 598043 Vxc!M 2 142184698 EpicEquipment 0.724
10 984350 785485
18 486871 106121
4 61545 992923 LqGVDGR%t 2 142565299 EpicEquipment 0.104
4 61545 173727 Vxc!M 1 148557476 CritEquipment 97
12 61545 fFUw+c3g3H
9 176457 598043
19 401121
20 984350
12 176457 fFUw+c3g3H
2 917836 880139 pivbSS 58 121216354 RegularBottle
12 781921 pivbSS
13 823195 ?ofZR6v8194
11 401121 801713
12 984350 fFUw+c3g3H
10 781921 897420
2 80246 681645 PCweSVKFL 63 201799850 RegularBottle
4 401121 287416 L532PWT 4 124191444 RegularEquipment
4 401121 739049 Vxc!M 4 186749291 EpicEquipment 0.360
19 401121
6 303702 96871
4 811215 624672 Vxc!M 5 159616160 CritEquipment 51
18 984350 823195
9 486871 25975
6 80246 160825
20 106121
7 80246 546821 GKYv0eP^91291 3 208423501
18 176457 486871
18 823195 106121
7 984350 640813 8cv^G294 1 137843051
18 176457 811215
18 984350 106121
9 80246 312363
7 811215 844123 +EHO&XU298 2 209563824
20 917836
18 984350 401121
12 781921 pivbSS
2 401121 607472 fFUw+c3g3H 49 196104178 ReinforcedBottle 0.834
3 80246 681645
18 401121 781921
12 106121 PCweSVKFL
18 486871 870782
2 176457 115703 pivbSS 72 174491718 RecoverBottle 0.092
20 80246
12 106121 PCweSVKFL
9 176457 598043
7 176457 542673 WIG^Sk^^X311 4 164284457
13 811215 +EHO&XU298
20 61545
9 61545 894491
2 984350 500315 PCweSVKFL 33 155825305 ReinforcedBottle 0.848
4 781921 669948 LqGVDGR%t 4 165472474 EpicEquipment 0.532
8 176457 542673
4 811215 760466 LqGVDGR%t 1 154481384 RegularEquipment
9 870782 48706
21 401121 607472
18 811215 106121
20 781921
19 984350
9 176457 598043
20 176457
20 61545
2 61545 183321 pivbSS 70 200197677 RecoverBottle 0.330
12 401121 fFUw+c3g3H
9 303702 96871
19 176457
18 870782 823195
18 917836 80246
4 80246 600197 Vxc!M 1 181625046 EpicEquipment 0.127
2 176457 557882 pivbSS 64 148768661 ReinforcedBottle 0.076
18 486871 823195
9 401121 739049
20 486871
3 80246 982793
18 486871 781921
2 917836 609808 PCweSVKFL 46 176676627 ReinforcedBottle 0.153
11 80246 546821
12 917836 PCweSVKFL
4 984350 166926 L532PWT 4 213998691 CritEquipment 88
12 917836 pivbSS
5 781921 669948
10 401121 607472
3 917836 590037
4 984350 672219 LqGVDGR%t 3 197742677 EpicEquipment 0.741
5 486871 25975
13 984350 8cv^G294
4 811215 196970 L532PWT 1 178411082 RegularEquipment
13 80246 $SbcrVCQ?125
2 61545 832142 PCweSVKFL 90 144105193 ReinforcedBottle 0.467
4 61545 620902 LqGVDGR%t 0 149451939 RegularEquipment
18 106121 80246
13 984350 8cv^G294
4 984350 519141 L532PWT 3 170667381 EpicEquipment 0.419
20 303702
19 401121
9 870782 803573
8 401121 801713
19 823195
19 811215
9 870782 48706
4 80246 442823 Vxc!M 0 209176643 CritEquipment 95
19 401121
3 401121 607472
7 401121 340633 /IK3m368 1 206197806
12 80246 PCweSVKFL
8 80246 546821
18 61545 811215
7 823195 129497 78gqP6v372 4 193940105
11 870782 305976
13 303702 a4f!MMmb2261
19 984350
20 176457
19 781921
18 781921 106121
19 61545
10 781921 897420
2 917836 550217 fFUw+c3g3H 34 163029583 ReinforcedBottle 0.406
7 984350 491322 BRRsn7^382 4 185559168
10 781921 897420
9 870782 48706
9 401121 844739
6 80246 312363
7 486871 475669 6XhQSz9ipR387 4 210299050
19 80246
13 823195 78gqP6v372
18 917836 106121
12 823195 PCweSVKFL
11 303702 311571
12 811215 PCweSVKFL
2 811215 422456 fFUw+c3g3H 17 117897612 RecoverBottle 0.155
8 303702 100863
20 401121
12 781921 pivbSS
2 106121 247372 fFUw+c3g3H 87 207348191 RegularBottle
20 80246
5 870782 803573
12 80246 pivbSS
4 823195 716738 LqGVDGR%t 2 200280990 CritEquipment 73
12 917836 pivbSS
7 984350 788018 /zkgfwov404 5 134422566
20 401121
19 984350
20 870782
12 176457 pivbSS
4 401121 714921 L532PWT 0 191665189 CritEquipment 95
12 917836 fFUw+c3g3H
19 176457
9 870782 48706
18 984350 781921
4 984350 634195 Vxc!M 1 185467153 EpicEquipment 0.825
19 303702
19 106121
10 870782 486851
12 176457 pivbSS
19 781921
4 176457 148895 Vxc!M 2 133418719 RegularEquipment
12 811215 fFUw+c3g3H
3 106121 247372
19 917836
4 176457 29705 LqGVDGR%t 5 129697650 EpicEquipment 0.427
6 176457 598043
20 401121
2 823195 629338 fFUw+c3g3H 93 146868373 ReinforcedBottle 0.000
4 401121 348237 L532PWT 5 162980980 EpicEquipment 0.192
4 781921 596066 L532PWT 1 123615393 RegularEquipment
5 303702 707944
21 80246 160825
10 61545 832142
2 917836 716679 fFUw+c3g3H 98 142146692 ReinforcedBottle 0.850
4 106121 825628 LqGVDGR%t 2 128838863 RegularEquipment
11 811215 61930
9 303702 947833
13 303702 %X$P0S+55
18 303702 106121
10 823195 629338
6 486871 918445
2 106121 12837 fFUw+c3g3H 59 168103330 RecoverBottle 0.595
7 106121 597319 vwIzyb=6$e442 3 195988805
2 781921 27261 PCweSVKFL 94 168822698 ReinforcedBottle 0.625
5 811215 760466
18 823195 80246
18 401121 870782
21 917836 716679
18 176457 80246
8 984350 640813
20 176457
3 106121 12837
11 811215 844123
6 80246 970380
9 870782 48706
4 303702 746855 L532PWT 0 125839177 CritEquipment 50
6 984350 166926
19 176457
5 80246 600197
5 106121 825628
4 781921 89471 Vxc!M 5 205986882 EpicEquipment 0.349
11 303702 563167
13 401121 cg%Zx175
2 984350 232958 fFUw+c3g3H 64 153791365 RegularBottle
4 823195 489008 L532PWT 2 119525476 CritEquipment 80
12 61545 fFUw+c3g3H
6 823195 489008
19 176457
12 781921 PCweSVKFL
12 176457 fFUw+c3g3H
10 80246 625074
10 823195 629338
8 303702 563167
12 80246 pivbSS
10 61545 228835
21 176457 214994
4 811215 497634 Vxc!M 3 198484283 RegularEquipment
2 61545 445089 fFUw+c3g3H 32 195990151 ReinforcedBottle 0.795
19 401121
21 781921 27261
13 106121 vwIzyb=6$e442
10 870782 486851
9 61545 992923
10 984350 232958
9 823195 716738
20 401121
11 823195 129497
2 811215 126390 pivbSS 48 183943746 RecoverBottle 0.814
8 870782 305976
20 811215
2 984350 998618 fFUw+c3g3H 77 213554507 ReinforcedBottle 0.909
5 870782 48706
6 401121 714921
9 917836 153023
18 61545 984350
9 401121 348237
12 176457 pivbSS
2 80246 526792 fFUw+c3g3H 82 161298458 RegularBottle
10 823195 629338
7 106121 296899 u$ctHe?^499 4 119492172
4 80246 484912 L532PWT 1 183714643 EpicEquipment 0.650
19 401121
2 811215 251108 PCweSVKFL 51 160540670 ReinforcedBottle 0.557
13 811215 +EHO&XU298
4 61545 392948 LqGVDGR%t 0 134147834 EpicEquipment 0.086
21 870782 823195
11 401121 368459
20 984350
10 176457 557882
19 870782
12 811215 fFUw+c3g3H
19 61545
19 917836
3 823195 268318
20 401121
7 486871 81194 3?Vll515 3 125294302
2 80246 554108 PCweSVKFL 79 143247994 ReinforcedBottle 0.722
18 401121 823195
2 401121 769155 PCweSVKFL 99 150444276 RecoverBottle 0.728
19 781921
18 486871 303702
19 106121
19 61545
13 870782 7EVmF+EA204
13 823195 78gqP6v372
19 303702
19 80246
12 176457 pivbSS
6 80246 160825
13 303702 !SpFzs3R0k164
20 870782
6 61545 392948
7 303702 176869 AwHtUkg+O2532 2 115456535
9 823195 716738
21 486871 475669
2 80246 456353 fFUw+c3g3H 66 128683716 RecoverBottle 0.606
4 823195 875324 L532PWT 3 164070591 CritEquipment 61
12 823195 fFUw+c3g3H
20 984350
2 781921 203595 PCweSVKFL 63 211056559 ReinforcedBottle 0.920
10 984350 785485
13 984350 /zkgfwov404
4 486871 809091 L532PWT 4 181112001 CritEquipment 57
10 61545 445089
11 106121 296899
4 811215 210439 L532PWT 1 143334132 CritEquipment 95
9 917836 386490
9 401121 287416
5 486871 809091
2 811215 764000 fFUw+c3g3H 38 180507070 ReinforcedBottle 0.693
13 303702 AwHtUkg+O2532
20 106121
6 303702 947833
10 870782 486851
12 811215 PCweSVKFL
4 303702 980612 LqGVDGR%t 1 149894080 CritEquipment 99
2 106121 330639 fFUw+c3g3H 32 134869647 RegularBottle
8 984350 788018
10 781921 897420
2 106121 653956 pivbSS 89 175536762 ReinforcedBottle 0.891
8 303702 176869
7 486871 116865 0CukGZN561 5 128837585
12 61545 PCweSVKFL
19 781921
7 917836 230984 MATZ&564 2 189033887
2 176457 224182 fFUw+c3g3H 10 146836594 ReinforcedBottle 0.849
9 486871 693788
19 870782
10 176457 557882
9 401121 218225
6 61545 894491
3 870782 387216
9 176457 29705
6 303702 96871
19 917836
10 870782 486851
4 870782 366429 L532PWT 2 200249978 CritEquipment 77
4 106121 352755 LqGVDGR%t 4 119645972 EpicEquipment 0.080
18 984350 823195
21 870782 823195
12 61545 pivbSS
7 870782 849494 fXmCK!v581 2 123411534
9 984350 634195
7 984350 885680 8*nckgY583 2 154232702
20 781921
19 303702
10 61545 228835
18 811215 870782
18 486871 80246
4 917836 149993 LqGVDGR%t 3 182455496 CritEquipment 79
12 823195 PCweSVKFL
18 61545 176457
12 106121 pivbSS
10 870782 486851
20 303702
2 811215 31911 PCweSVKFL 25 165330945 RegularBottle
11 106121 296899
4 984350 632090 LqGVDGR%t 1 144292631 CritEquipment 67
20 80246
20 823195
20 781921
13 811215 +=LXyHq250
2 984350 799166 fFUw+c3g3H 47 187447697 RecoverBottle 0.320
9 61545 392948
6 106121 352755
6 401121 218225
9 106121 352755
21 823195 716738
20 823195
4 984350 975993 Vxc!M 3 152367240 EpicEquipment 0.839
4 984350 66398 L532PWT 5 141978072 EpicEquipment 0.642
4 870782 615878 L532PWT 2 174848609 CritEquipment 92
20 984350
6 401121 287416
12 811215 PCweSVKFL
3 61545 183321
20 401121
4 303702 578311 Vxc!M 1 183482859 CritEquipment 72
11 984350 885680
18 401121 486871
4 811215 483015 LqGVDGR%t 1 193457309 EpicEquipment 0.264
5 823195 716738
9 984350 66398
13 106121 u$ctHe?^499
10 80246 388770
4 984350 274741 Vxc!M 1 190575851 EpicEquipment 0.853
3 176457 557882
12 823195 PCweSVKFL
9 80246 970380
9 176457 148895
3 176457 115703
18 870782 303702
10 823195 463553
6 303702 746855
18 401121 781921
6 176457 598043
9 486871 918445
2 811215 815144 PCweSVKFL 46 194769094 RecoverBottle 0.979
8 401121 368459
20 984350
4 176457 612739 L532PWT 3 185734441 CritEquipment 92
3 106121 330639
21 917836 230984
12 917836 fFUw+c3g3H
6 80246 970380
11 984350 885680
2 61545 629348 pivbSS 22 139772338 ReinforcedBottle 0.486
10 80246 526792
13 917836 MATZ&564
2 781921 390065 PCweSVKFL 72 117331937 RegularBottle
18 984350 106121
18 176457 303702
9 870782 366429
20 401121
10 781921 203595
20 781921
3 401121 769155
4 781921 750565 L532PWT 4 117624794 EpicEquipment 0.804
19 917836
18 486871 811215
4 823195 827440 LqGVDGR%t 3 161618467 RegularEquipment
2 870782 659564 pivbSS 91 135465417 RegularBottle
8 401121 197920
21 870782 615878
9 823195 827440
20 401121
20 176457
20 61545
4 303702 948806 L532PWT 2 157775562 EpicEquipment 0.968
9 917836 386490
21 486871 693788
20 106121
7 80246 63068 u*cuUw672 4 141035055
9 61545 992923
4 106121 860917 L532PWT 4 206337686 RegularEquipment
20 781921
11 984350 885680
12 781921 PCweSVKFL
10 106121 653956
5 781921 750565
12 61545 pivbSS
19 106121
6 870782 366429
12 870782 fFUw+c3g3H
10 61545 832142
12 811215 pivbSS
20 106121
19 811215
20 80246
18 61545 870782
9 61545 620902
12 176457 fFUw+c3g3H
7 823195 529985 T6cex692 2 173375766
5 823195 827440
13 80246 u*cuUw672
9 984350 632090
7 176457 242578 miM%YwHt%Y696 5 152241206
10 823195 463553
12 80246 fFUw+c3g3H
10 823195 629338
6 61545 620902
10 80246 106399
4 61545 59607 Vxc!M 4 204508936 EpicEquipment 0.143
19 823195
21 80246 106399
4 917836 506523 LqGVDGR%t 1 178152892 CritEquipment 86
13 823195 T6cex692
7 870782 17281 cFvhMmSw707 3 179629729
4 823195 864495 L532PWT 4 136678370 CritEquipment 92
13 823195 T6cex692
11 80246 63068
20 106121
10 106121 653956
6 176457 612739
21 823195 80246
5 984350 634195
7 917836 32199 9Tg1%%^716 4 207720382
2 303702 877403 fFUw+c3g3H 76 163764574 ReinforcedBottle 0.458
10 80246 554108
21 176457 242578
12 303702 fFUw+c3g3H
9 823195 875324
18 61545 811215
4 80246 946361 L532PWT 4 191043075 EpicEquipment 0.892
12 984350 fFUw+c3g3H
18 303702 823195
6 303702 746855
9 984350 166926
6 984350 274741
6 80246 484912
20 870782
20 917836
19 781921
9 870782 366429
3 870782 659564
9 486871 918445
2 917836 468586 PCweSVKFL 75 141797208 RecoverBottle 0.550
12 984350 fFUw+c3g3H
12 106121 pivbSS
9 106121 860917
7 303702 916323 ^0aE2Z*740 4 116356758
6 401121 739049
7 917836 83174 YasVv742 4 114907787
12 823195 PCweSVKFL
5 401121 287416
2 80246 153058 fFUw+c3g3H 86 133354212 ReinforcedBottle 0.707
20 176457
3 303702 877403
18 870782 106121
8 486871 475669
10 106121 653956
5 106121 352755
6 486871 693788
10 870782 486851
2 917836 932121 fFUw+c3g3H 14 131889378 ReinforcedBottle 0.745
10 984350 799166
14 5 1 WFImoSc 2R?caV 5Dq/Shu4 s037=1dq4 qDmQWc%/&x
2000/02-qDmQWc%/&x-fFUw+c3g3H
12 811215 PCweSVKFL
6 917836 153023
7 823195 428130 =u=3kywlx759 1 176508590
20 917836
18 781921 106121
4 781921 677816 LqGVDGR%t 1 155642217 CritEquipment 75
14 3 5 CiVCDl cDtbePkz2 5Dq/Shu4
2000/03-CiVCDl@#-Vxc!M
2000/04-5Dq/Shu4-PCweSVKFL
2000/04-5Dq/Shu4@CiVCDl-Vxc!M
2000/04-5Dq/Shu4@#-Vxc!M
2000/05-CiVCDl@cDtbePkz2-Vxc!M
2 106121 683309 fFUw+c3g3H 81 185019614 RegularBottle
10 823195 629338
12 80246 PCweSVKFL
10 823195 463553
18 870782 106121
5 486871 741743
9 106121 860917
10 61545 445089
20 811215
6 176457 598043
5 811215 988882
10 984350 232958
3 823195 463553
19 176457
12 984350 PCweSVKFL
11 823195 529985
5 823195 864495
7 80246 861756 6zft7lX781 3 169212991
7 303702 283427 gX557c782 1 121687673
7 486871 119692 W0S4w7O783 5 156220613
2 917836 811042 pivbSS 72 192586969 ReinforcedBottle 0.467
21 303702 781921
2 106121 15975 PCweSVKFL 42 161959033 RecoverBottle 0.972
12 823195 fFUw+c3g3H
8 984350 885680
2 984350 430597 fFUw+c3g3H 23 129239994 ReinforcedBottle 0.850
10 61545 445089
19 401121
12 781921 PCweSVKFL
5 917836 149993
16 811215
5 823195 875324
11 401121 340633
15 2000/02
10 917836 468586
11 303702 283427
18 176457 917836
18 984350 811215
2 176457 231347 fFUw+c3g3H 18 193251966 ReinforcedBottle 0.139
9 80246 312363
6 80246 442823
3 106121 15975
9 61545 992923
9 80246 442823
18 917836 823195
12 870782 fFUw+c3g3H
15 2000/02
9 917836 153023
9 80246 946361
6 870782 615878
4 984350 573137 LqGVDGR%t 2 185668734 RegularEquipment
19 486871
15 2000/05
20 823195
7 401121 860091 GtUfg3kYO818 1 142567089
6 61545 620902
5 823195 489008
20 823195
9 80246 970380
16 61545
6 176457 29705
16 781921
12 80246 PCweSVKFL
9 401121 844739
17 823195
6 781921 596066
13 106121 vwIzyb=6$e442
19 106121
9 486871 693788
19 80246
10 106121 653956
16 176457
7 870782 161623 7*dv3u836 4 165983289
19 401121
7 781921 740294 xKK8gX838 2 188569387
6 984350 66398
20 106121
3 80246 106399
10 917836 932121
6 870782 615878
2 486871 421606 PCweSVKFL 33 154930378 RegularBottle
9 811215 497634
15 2000/03
4 823195 711403 LqGVDGR%t 5 207314641 CritEquipment 67
17 917836
21 106121 860917
10 486871 421606
13 870782 cFvhMmSw707
2 401121 433112 PCweSVKFL 31 126218754 RegularBottle
6 823195 711403
15 2000/03
9 61545 992923
4 106121 195594 L532PWT 5 173142427 RegularEquipment
6 401121 844739
16 984350
14 1 6 t5mP+u
2000/05-t5mP+u-fFUw+c3g3H
2000/06-t5mP+u-fFUw+c3g3H
2000/06-t5mP+u-fFUw+c3g3H
2000/06-t5mP+u-fFUw+c3g3H
2000/07-t5mP+u-fFUw+c3g3H
2000/08-t5mP+u-PCweSVKFL
17 106121
2 176457 622344 pivbSS 85 120766982 RegularBottle
4 870782 325119 LqGVDGR%t 5 175870104 RegularEquipment
19 61545
9 811215 564845
19 486871
6 176457 598043
12 80246 fFUw+c3g3H
19 486871
15 2000/05
15 2000/03
9 984350 632090
17 106121
20 106121
17 486871
17 917836
4 303702 786349 Vxc!M 5 185765660 EpicEquipment 0.041
20 486871
4 106121 85446 Vxc!M 3 208465151 RegularEquipment
18 984350 870782
8 80246 63068
10 917836 932121
18 61545 917836
19 176457
18 61545 984350
15 2085/07
9 303702 746855
19 781921
20 401121
13 80246 6zft7lX781
6 303702 947833
6 303702 96871
12 917836 PCweSVKFL
15 2080/05
9 176457 29705
20 781921
20 486871
19 870782
12 401121 PCweSVKFL
10 984350 500315
12 486871 PCweSVKFL
14 4 4 WFImoSc t5mP+u 5Dq/Shu4 2N^fTfvZQ
2000/08-WFImoSc@2N^fTfvZQ-LqGVDGR%t
2000/09-5Dq/Shu4@t5mP+u-L532PWT
2000/10-5Dq/Shu4-PCweSVKFL
2000/11-t5mP+u@WFImoSc-LqGVDGR%t
11 80246 861756
17 61545
2 401121 853137 pivbSS 88 208933619 RecoverBottle 0.399
12 917836 pivbSS
2 303702 142934 fFUw+c3g3H 17 193024758 ReinforcedBottle 0.197
19 823195
12 401121 PCweSVKFL
15 2000/08
6 80246 312363
9 984350 672219
4 61545 747521 L532PWT 5 134923499 EpicEquipment 0.094
19 401121
12 80246 fFUw+c3g3H
10 106121 683309
3 917836 811042
15 2000/03
15 2011/03
7 870782 636520 T958dx919 2 155042148
20 781921
6 823195 711403
2 823195 970976 pivbSS 88 120271890 RegularBottle
11 303702 916323
12 823195 pivbSS
20 870782
7 486871 838175 Zhss7ueLf926 5 139893895
11 781921 740294
9 80246 160825
17 303702
7 106121 660341 cPp?A3kEw930 2 134441068
9 823195 711403
9 106121 195594
15 2000/07
11 870782 161623
7 781921 404933 8dG*fV63g935 1 197144995
19 303702
6 917836 750873
19 401121
9 61545 173727
10 917836 880139
4 106121 645230 Vxc!M 2 147785368 CritEquipment 77
15 2000/05
5 984350 66398
17 176457
9 781921 89471
10 61545 832142
5 811215 196970
14 3 3 3h=*pg3 cDtbePkz2 2N^fTfvZQ
2000/11-2N^fTfvZQ@#-L532PWT
2000/11-cDtbePkz2-fFUw+c3g3H
2000/12-2N^fTfvZQ@3h=*pg3-L532PWT
20 61545
9 303702 96871
20 106121
9 823195 711403
12 781921 pivbSS
15 2000/11
3 823195 970976
18 823195 781921
11 984350 491322
6 80246 970380
19 303702
12 61545 pivbSS
20 811215
21 781921 27261
20 870782
2 106121 506431 pivbSS 56 204894022 RegularBottle
8 106121 660341
12 303702 fFUw+c3g3H
2 106121 847085 PCweSVKFL 95 123792429 ReinforcedBottle 0.635
4 401121 371837 LqGVDGR%t 0 192779143 EpicEquipment 0.896
17 176457
2 61545 303488 PCweSVKFL 51 199800564 ReinforcedBottle 0.281
15 2000/11
8 823195 529985
7 984350 593414 Q*5G4UO973 1 191801088
9 781921 677816
12 401121 pivbSS
2 984350 330234 pivbSS 24 189440210 RecoverBottle 0.362
19 401121
9 781921 596066
3 61545 655359
9 823195 711403
20 106121
20 984350
4 61545 898756 L532PWT 5 171237316 EpicEquipment 0.582
15 2000/02
19 781921
9 811215 287387
12 781921 PCweSVKFL
10 61545 629348
10 486871 421606
17 106121
19 870782
12 176457 fFUw+c3g3H
9 984350 274741
15 2000/04
21 176457 242578
19 823195
9 917836 506523
7 823195 861032 TxT&Pf&Nmg998 2 122114526
12 80246 fFUw+c3g3H
19 303702
12 811215 PCweSVKFL
4 917836 429231 LqGVDGR%t 1 149059894 CritEquipment 89
2 811215 751111 PCweSVKFL 42 198638857 ReinforcedBottle 0.468
15 2000/02
2 486871 667776 fFUw+c3g3H 86 163203836 ReinforcedBottle 0.836
20 61545
19 401121
10 80246 153058
19 984350
17 80246
5 61545 894491
4 106121 574642 L532PWT 4 174464462 RegularEquipment
7 870782 768204 7Q7I3/1013 1 149540072
19 401121
2 106121 866689 pivbSS 84 192269592 RegularBottle
19 781921
19 80246
9 984350 274741
12 984350 fFUw+c3g3H
6 303702 947833
19 80246
4 401121 896131 L532PWT 3 192472070 EpicEquipment 0.545
21 486871 870782
19 61545
15 2000/04
4 401121 263971 LqGVDGR%t 1 205663850 RegularEquipment
18 486871 917836
5 823195 711403
15 2000/03
18 917836 80246
10 401121 853137
12 80246 pivbSS
14 1 4 R*6Ds8?Uy
2001/01-R*6Ds8?Uy-PCweSVKFL
2001/01-R*6Ds8?Uy-pivbSS
2001/02-R*6Ds8?Uy-fFUw+c3g3H
2001/03-R*6Ds8?Uy-PCweSVKFL
17 106121
21 781921 89471
11 870782 17281
17 401121
5 781921 677816
16 823195
3 401121 853137
17 61545
20 303702
6 80246 312363
18 486871 870782
13 486871 W0S4w7O783
18 811215 823195
9 303702 786349
20 106121
2 984350 605783 PCweSVKFL 32 136653729 ReinforcedBottle 0.083
7 917836 666189 Wnspn1050 3 139918957
7 176457 184837 o?Q+n^S1051 5 183393578
19 486871
15 2001/02
20 811215
6 80246 312363
15 2016/09
9 917836 750873
12 80246 fFUw+c3g3H
15 2000/07
6 486871 693788
16 106121
4 781921 147127 Vxc!M 2 126249089 EpicEquipment 0.604
20 984350
20 106121
13 80246 6zft7lX781
2 781921 490419 pivbSS 51 161615434 RegularBottle
19 106121
3 303702 142934
13 870782 7Q7I3/1013
7 823195 798077 xGDX1/%1070 2 184989172
17 781921
8 870782 17281
5 917836 750873
5 80246 312363
19 80246
9 303702 947833
13 917836 YasVv742
8 917836 666189
10 917836 117772
10 61545 228835
18 917836 106121
19 61545
13 303702 gX557c782
8 303702 916323
2 486871 399628 PCweSVKFL 47 145339584 RecoverBottle 0.357
13 870782 fXmCK!v581
10 984350 500315
20 870782
4 823195 153290 Vxc!M 0 201984025 CritEquipment 98
16 80246
4 811215 421133 LqGVDGR%t 0 156850322 EpicEquipment 0.781
20 781921
17 917836
4 811215 58719 L532PWT 4 121723059 CritEquipment 95
11 106121 597319
4 176457 346202 Vxc!M 5 146481894 CritEquipment 87
12 401121 PCweSVKFL
20 781921
14 2 9 WFImoSc 2N^fTfvZQ
2001/03-2N^fTfvZQ@WFImoSc-Vxc!M
2001/04-2N^fTfvZQ-pivbSS
2001/05-WFImoSc@2N^fTfvZQ-LqGVDGR%t
2001/05-WFImoSc@#-LqGVDGR%t
2001/05-WFImoSc-pivbSS
2001/06-WFImoSc-pivbSS
2001/07-WFImoSc@2N^fTfvZQ-LqGVDGR%t
2001/07-t5mP+u@2N^fTfvZQ-LqGVDGR%t
2001/08-2N^fTfvZQ@WFImoSc-L532PWT
19 917836
15 2001/08
17 917836
2 401121 445768 PCweSVKFL 80 168952833 RegularBottle
5 61545 747521
11 781921 740294
2 106121 562213 fFUw+c3g3H 47 177402658 RegularBottle
19 303702
2 917836 429325 fFUw+c3g3H 47 177966477 RecoverBottle 0.664
15 2001/03
20 401121
7 811215 839546 =BnkY*1111 1 121756589
3 984350 998618
4 61545 644242 Vxc!M 5 125034886 EpicEquipment 0.402
7 80246 74326 6Pt3RduE6A1114 2 208434276
4 80246 591415 L532PWT 2 135630826 EpicEquipment 0.499
12 61545 fFUw+c3g3H
8 917836 32199
2 303702 276503 pivbSS 58 205567369 RecoverBottle 0.540
8 870782 636520
12 176457 fFUw+c3g3H
14 1 3 t5mP+u
2001/08-t5mP+u-fFUw+c3g3H
2001/09-t5mP+u-PCweSVKFL
2001/09-t5mP+u-fFUw+c3g3H
9 80246 946361
5 823195 153290
21 106121 597319
14 2 3 s037=1dq4 WFImoSc
2001/10-s037=1dq4@#-L532PWT
2001/10-s037=1dq4-PCweSVKFL
2001/10-WFImoSc@#-LqGVDGR%t
5 781921 596066
10 917836 880139
10 303702 276503
8 176457 184837
15 2001/04
20 486871
9 401121 896131
10 303702 276503
16 781921
2 486871 552244 PCweSVKFL 75 163351782 ReinforcedBottle 0.127
10 303702 276503
21 486871 918445
16 486871
6 811215 210439
3 781921 390065
12 80246 fFUw+c3g3H
6 811215 58719
10 303702 276503
15 2001/07
4 401121 776819 L532PWT 5 189131729 EpicEquipment 0.313
16 401121
13 80246 6Pt3RduE6A1114
9 176457 148895
12 781921 pivbSS
10 984350 605783
20 984350
20 401121
21 984350 870782
4 80246 747452 Vxc!M 4 207396464 CritEquipment 98
19 61545
20 176457
7 984350 866541 PZ%+g1157 2 182305434
18 401121 486871
6 486871 693788
13 811215 =BnkY*1111
20 303702
5 781921 147127
16 870782
12 303702 pivbSS
17 811215
12 781921 PCweSVKFL
21 984350 866541
18 870782 781921
8 781921 404933
10 303702 276503
2 486871 253730 fFUw+c3g3H 97 175263572 RecoverBottle 0.412
20 984350
5 61545 59607
9 984350 274741
12 80246 pivbSS
8 106121 597319
21 106121 683309
7 811215 89711 RlNWK1178 3 137041958
6 303702 578311
12 303702 pivbSS
17 870782
14 3 2 Pk1Vd? 5Dq/Shu4 2N^fTfvZQ
2001/11-5Dq/Shu4-PCweSVKFL
2001/12-5Dq/Shu4@2N^fTfvZQ-L532PWT
15 2001/08
19 61545
7 176457 782993 L+ScmxM51185 1 115951437
3 106121 683309
19 303702
15 2000/10
7 106121 424803 wCE5oF=dW11189 3 148008537
8 984350 866541
10 781921 490419
15 2096/09
2 781921 723084 fFUw+c3g3H 92 179083326 ReinforcedBottle 0.933
15 2000/08
3 984350 605783
7 401121 903528 +SG$!4f1196 2 130331013
8 870782 849494
20 106121
19 486871
18 984350 80246
7 811215 706551 29E+B&A/1201 2 161845299
11 917836 230984
2 401121 611876 pivbSS 46 188405309 ReinforcedBottle 0.642
6 106121 85446
2 781921 684686 PCweSVKFL 43 166695730 ReinforcedBottle 0.362
13 401121 +SG$!4f1196
20 176457
18 176457 811215
3 486871 253730
15 2001/02
6 106121 195594
20 870782
18 781921 106121
9 811215 564845
2 917836 158209 fFUw+c3g3H 51 191945780 RecoverBottle 0.827
18 984350 870782
12 176457 pivbSS
13 811215 29E+B&A/1201
4 303702 837604 Vxc!M 0 212084688 RegularEquipment
20 176457
4 823195 213872 LqGVDGR%t 1 130462540 EpicEquipment 0.826
4 106121 712427 LqGVDGR%t 3 157381691 EpicEquipment 0.159
3 61545 228835
17 917836
16 80246
17 176457
6 106121 574642
8 80246 74326
15 2001/05
12 984350 fFUw+c3g3H
3 61545 832142
18 61545 984350
13 823195 TxT&Pf&Nmg998
12 61545 PCweSVKFL
8 781921 740294
14 3 1 2N^fTfvZQ 5Dq/Shu4 CiVCDl
2001/12-5Dq/Shu4@2N^fTfvZQ-Vxc!M
3 486871 552244
12 811215 fFUw+c3g3H
2 61545 158396 PCweSVKFL 85 188279826 RegularBottle
19 486871
17 303702
20 80246
3 811215 422456
5 781921 89471
19 811215
9 401121 371837
19 176457
9 823195 213872
13 917836 YasVv742
4 61545 52123 LqGVDGR%t 3 193185825 EpicEquipment 0.554
20 984350
8 984350 593414
12 486871 PCweSVKFL
20 917836
20 781921
13 176457 L+ScmxM51185
12 106121 pivbSS
16 61545
19 80246
16 823195
19 917836
15 2001/10
6 176457 346202
9 870782 325119
15 2000/04
17 61545
16 811215
16 80246
11 823195 798077
15 2001/03
3 811215 751111
18 811215 80246
13 823195 TxT&Pf&Nmg998
2 176457 932645 PCweSVKFL 44 136361334 RecoverBottle 0.112
16 811215
17 984350
10 61545 158396
8 486871 838175
9 176457 346202
4 106121 586101 Vxc!M 1 196247824 RegularEquipment
13 106121 wCE5oF=dW11189
20 984350
7 917836 665242 i^y34x0FM1283 2 185150632
16 917836
2 984350 178210 fFUw+c3g3H 39 127923501 RegularBottle
16 106121
18 486871 781921
6 176457 598043
4 176457 143939 Vxc!M 0 120877324 EpicEquipment 0.994
8 823195 428130
15 2000/03
19 80246
12 176457 fFUw+c3g3H
15 2001/04
19 917836
12 401121 PCweSVKFL
4 176457 103251 Vxc!M 0 135784632 RegularEquipment
16 917836
12 176457 PCweSVKFL
16 984350
20 106121
21 781921 106121
17 61545
4 303702 288653 LqGVDGR%t 0 127184044 EpicEquipment 0.442
6 984350 519141
4 984350 954545 Vxc!M 5 121301495 RegularEquipment
15 2084/02
11 917836 83174
10 781921 723084
9 917836 153023
10 486871 667776
17 486871
2 781921 510783 pivbSS 47 153905471 RegularBottle
13 811215 29E+B&A/1201
10 811215 251108
14 3 6 Pk1Vd? 3h=*pg3 2N^fTfvZQ
2002/01-3h=*pg3@2N^fTfvZQ-L532PWT
2002/02-3h=*pg3@Pk1Vd?-Vxc!M
2002/02-3h=*pg3@#-L532PWT
2002/03-2N^fTfvZQ@#-L532PWT
2002/03-3h=*pg3-pivbSS
2002/04-2N^fTfvZQ-pivbSS
9 176457 612739
15 2001/08
20 486871
20 870782
19 984350
2 106121 360266 PCweSVKFL 39 194042023 RecoverBottle 0.104
19 486871
12 811215 pivbSS
5 176457 598043
7 984350 165409 H=+Kck+1326 3 130618027
19 984350
20 486871
15 2001/02
4 80246 893498 LqGVDGR%t 1 190867602 RegularEquipment
9 401121 776819
19 781921
12 80246 fFUw+c3g3H
20 870782
10 486871 399628
16 486871
9 917836 386490
12 106121 PCweSVKFL
4 486871 582412 Vxc!M 4 151582676 EpicEquipment 0.630
6 106121 574642
21 917836 153023
19 870782
4 811215 538413 L532PWT 0 161401971 RegularEquipment
19 80246
10 401121 611876
20 61545
15 2000/05
3 984350 232958
20 80246
18 61545 401121
3 781921 684686
18 984350 176457
13 823195 TxT&Pf&Nmg998
8 811215 706551
9 823195 213872
19 917836
12 486871 fFUw+c3g3H
15 2000/12
19 401121
12 917836 fFUw+c3g3H
20 61545
15 2001/03
11 984350 491322
19 61545
9 811215 852990
7 303702 571927 HE=L1X1366 3 185641603
6 80246 484912
20 984350
12 917836 PCweSVKFL
20 917836
5 401121 896131
7 984350 674920 ZRf4NFUG1372 3 129650682
21 823195 213872
11 984350 674920
6 61545 173727
12 61545 PCweSVKFL
9 811215 483015
9 401121 776819
2 781921 987358 pivbSS 51 171213673 RecoverBottle 0.755
18 176457 303702
20 80246
21 781921 106121
9 486871 582412
16 811215
5 80246 591415
4 61545 393812 L532PWT 3 145335236 CritEquipment 53
2 917836 639837 fFUw+c3g3H 82 214611079 RegularBottle
4 811215 550235 LqGVDGR%t 2 212424824 CritEquipment 79
20 80246
15 2000/09
18 61545 486871
2 80246 743580 pivbSS 75 172926818 RecoverBottle 0.639
4 106121 440324 LqGVDGR%t 4 185081624 CritEquipment 68
20 781921
15 2000/02
7 984350 756901 gxxVK1396 1 205810749
7 176457 39501 6M?xegObd1397 3 147178433
12 80246 PCweSVKFL
10 781921 510783
14 1 10 Pk1Vd?
2002/04-Pk1Vd?-pivbSS
2002/04-Pk1Vd?-PCweSVKFL
2002/05-5Dq/Shu4-fFUw+c3g3H
2002/05-2R?caV-pivbSS
2002/06-Pk1Vd?-PCweSVKFL
2002/07-Pk1Vd?-PCweSVKFL
2002/08-Pk1Vd?-pivbSS
2002/09-Pk1Vd?-pivbSS
2002/10-Pk1Vd?-PCweSVKFL
2002/11-Pk1Vd?-pivbSS
10 176457 231347
11 917836 230984
15 2000/09
12 61545 PCweSVKFL
4 303702 34538 L532PWT 4 143056208 RegularEquipment
9 401121 844739
15 2044/10
6 811215 564845
20 176457
7 401121 611963 Gq+FgqO9?I1410 5 182230030
4 984350 637302 L532PWT 4 127801015 EpicEquipment 0.262
20 401121
20 486871
13 486871 3?Vll515
17 61545
4 870782 914416 LqGVDGR%t 5 125268599 EpicEquipment 0.303
20 823195
5 80246 160825
9 80246 265867
10 486871 399628
4 176457 691606 Vxc!M 4 162353211 EpicEquipment 0.954
4 486871 647031 LqGVDGR%t 5 142187849 CritEquipment 93
2 401121 909301 PCweSVKFL 85 155129127 RecoverBottle 0.316
6 61545 992923
16 917836
19 984350
21 870782 914416
5 401121 218225
11 106121 424803
21 401121 909301
7 917836 13194 r*Yfg!6mm1431 5 192959465
5 870782 366429
18 984350 870782
15 2000/02
2 80246 293209 PCweSVKFL 15 197862304 ReinforcedBottle 0.756
20 781921
15 2000/09
8 176457 39501
8 176457 242578
17 80246
18 984350 811215
19 61545
2 401121 545226 pivbSS 20 203497221 RegularBottle
4 984350 700342 L532PWT 3 168279419 EpicEquipment 0.503
20 823195
4 106121 629421 L532PWT 2 189459208 EpicEquipment 0.973
3 61545 303488
11 917836 83174
15 2000/03
7 176457 72429 5gvCLGb1450 1 186086956
12 61545 fFUw+c3g3H
4 401121 336560 L532PWT 3 177962358 CritEquipment 88
6 176457 29705
7 870782 85814 ?Mt?H2l?U1454 3 202931602
2 80246 467300 pivbSS 48 186236174 RegularBottle
17 303702
5 984350 700342
16 61545
12 176457 fFUw+c3g3H
20 80246
20 823195
13 984350 H=+Kck+1326
10 401121 909301
10 401121 433112
15 2001/08
5 80246 484912
2 917836 519138 fFUw+c3g3H 79 142871930 ReinforcedBottle 0.156
4 984350 251981 L532PWT 4 130496336 EpicEquipment 0.675
9 486871 693788
19 811215
14 3 2 R*6Ds8?Uy 2R?caV cDtbePkz2
2002/11-R*6Ds8?Uy@2R?caV-L532PWT
2002/12-cDtbePkz2@#-L532PWT
10 917836 519138
19 917836
20 781921
2 870782 196645 PCweSVKFL 80 151029585 RegularBottle
9 61545 392948
12 781921 fFUw+c3g3H
19 823195
2 984350 552153 pivbSS 59 127232438 ReinforcedBottle 0.931
4 401121 971507 LqGVDGR%t 2 161798336 EpicEquipment 0.278
12 984350 fFUw+c3g3H
2 61545 236202 PCweSVKFL 85 204037287 RegularBottle
12 870782 PCweSVKFL
20 106121
19 106121
6 984350 632090
16 486871
5 176457 143939
3 486871 667776
18 486871 811215
3 61545 445089
19 80246
19 811215
20 303702
15 2002/06
20 811215
12 811215 PCweSVKFL
7 870782 951667 N1K2Bx1498 5 185391834
9 870782 615878
14 4 1 Pk1Vd? CiVCDl 2R?caV 5Dq/Shu4
2002/12-2R?caV@Pk1Vd?-Vxc!M
13 176457 L+ScmxM51185
20 984350
20 781921
13 917836 YasVv742
18 811215 80246
12 401121 PCweSVKFL
7 870782 748143 Xg1DA3Rdy1507 3 157638374
3 176457 231347
21 781921 987358
